0410
222
045
858
661
474
296
131016131915121815111714101713192622292521282421272320262329253238353137343037333936323935313844414743404643494542484541474440575359565259555158545157535056636965626865616764606763696662697571787471777370767379757278757187848087838986828985818884818793909693999592989591979490979399
05116
08124
00132
03140
06168
09176
02184
04102
17110
10128
13136
16154
18162
11170
14198
17106
20114
22122
25140
28158
21166
24174
26192
29100
32118
35136
38144
30152
33160
36188
39196
42104
44122
47130
40148
43156
46174
48182
41190
54118
57126
50134
52142
55160
58178
51186
54194
66112
69120
62138
65156
68164
60172
63180
66108
79116
72124
74142
77150
70168
73176
76194
78102
81110
84138
87146
80154
82162
85180
88198
81106
94114
96132
99140
92158
95176
98184
90192
03200
06228
09236
02244
04262
07270
00288
03296
16214
18222
11230
14258
17266
10274
12282
15200
28218
21226
24234
26252
29260
22278
25296
28204
30212
33220
36248
39256
32264
34282
37290
30208
43216
46234
48242
41250
44278
47286
40294
52202
55220
58238
51246
54254
56272
59280
52298
65216
68224
60232
63240
66268
69276
62284
64202
77210
70228
73236
76254
78262
71270
74298
77206
80214
82222
85240
88258
81266
84274
86292
89200
92218
95236
98244
90252
93260
96288
99296
02304
04322
07330
00348
03356
06374
08382
01390
14318
17326
10334
12342
15360
18378
11386
14394
26312
29320
22338
25356
28364
20372
23380
26308
39316
32324
34342
37350
30368
33376
36394
38302
41310
44338
47346
40354
42362
45380
48398
41306
54314
56332
59340
52358
55376
58384
50392
63300
66328
69336
62344
64362
67370
60388
63396
76314
78322
71330
74358
77366
70374
72382
75300
88318
81326
84334
86352
89360
82378
85396
88304
90312
93320
96348
99356
92364
94382
97390
90408
03416
06434
08442
01450
04478
07486
00494
12402
15420
18438
11446
14454
16472
19480
12498
25416
28424
20432
23440
26468
29476
22484
24402
37410
30428
33436
36454
38462
31470
34498
37406
40414
42422
45440
48458
41466
44474
46492
49400
52418
55436
58444
50452
53460
56488
59496
62404
64422
67430
60448
63456
66474
68482
61490
74418
77426
70434
72442
75460
78478
71486
74494
86412
89420
82438
85456
88464
80472
83480
86408
99416
92424
94442
97450
90468
93476
96494
98502
01510
04538
07546
00554
02562
05580
08598
01506
14514
16532
19540
12558
15576
18584
10592
23500
26528
29536
22544
24562
27570
20588
23596
36514
38522
31530
34558
37566
30574
32582
35500
48518
41526
44534
46552
49560
42578
45596
48504
50512
53520
56548
59556
52564
54582
57590
50508
63516
66534
68542
61550
64578
67586
60594
72502
75520
78538
71546
74554
76572
79580
72598
85516
88524
80532
83540
86568
89576
82584
84502
97510
90528
93536
96554
98562
91570
94598
97606
00614
02622
05640
08658
01666
04674
06692
09600
12618
15636
18644
10652
13660
16688
19696
22604
24622
27630
20648
23656
26674
28682
21690
34618
37626
30634
32642
35660
38678
31686
34694
46612
49620
42638
45656
48664
40672
43680
46608
59616
52624
54642
57650
50668
53676
56694
58602
61610
64638
67646
60654
62662
65680
68698
61606
74614
76632
79640
72658
75676
78684
70692
83600
86628
89636
82644
84662
87670
80688
83696
96614
98622
91630
94658
97666
90674
92682
95600
08718
01726
04734
06752
09760
02778
05796
08704
10712
13720
16748
19756
12764
14782
17790
10708
23716
26734
28742
21750
24778
27786
20794
32702
35720
38738
31746
34754
36772
39780
32798
45716
48724
40732
43740
46768
49776
42784
44702
57710
50728
53736
56754
58762
51770
54798
57706
60714
62722
65740
68758
61766
64774
66792
69700
72718
75736
78744
70752
73760
76788
79796
82704
84722
87730
80748
83756
86774
88782
81790
94718
97726
90734
92742
95760
98778
91786
94794
06812
09820
02838
05856
08864
00872
03880
06808
19816
12824
14842
17850
10868
13876
16894
18802
21810
24838
27846
20854
22862
25880
28898
21806
34814
36832
39840
32858
35876
38884
30892
43800
46828
49836
42844
44862
47870
40888
43896
56814
58822
51830
54858
57866
50874
52882
55800
68818
61826
64834
66852
69860
62878
65896
68804
70812
73820
76848
79856
72864
74882
77890
70808
83816
86834
88842
81850
84878
87886
80894
92802
95820
98838
91846
94854
96872
99880
92898
05916
08924
00932
03940
06968
09976
02984
04902
17910
10928
13936
16954
18962
11970
14998
17906
20914
22922
25940
28958
21966
24974
26992
29900
32918
35936
38944
30952
33960
36988
39996
42904
44922
47930
40948
43956
46974
48982
41990
54918
57926
50934
52942
55960
58978
51986
54994
66912
69920
62938
65956
68964
60972
63980
66908
79916
72924
74942
77950
70968
73976
76994
78902
81910
84938
87946
80954
82962
85980
88998
81906
94914
96932
99940
92958
95976
98984
90992